642.26
637.585
653.0006666666667
632.4839999999999
653.6143333333333
649.0306666666667
643.8560000000001
636.1803333333334
650.4053333333333
644.8636666666667
638.8893333333334
645.7203333333333
651.3256666666667
652.5836666666668
655.953
655.486
635.9366666666666
651.963
660.3576666666667
649.0873333333333
643.0283333333333
647.8136666666666
645.461
644.1463333333335
658.3553333333333
659.0976666666667
656.0483333333334
640.9153333333334
643.1483333333333
641.248
642.5733333333333
649.389
639.993
642.2226666666667
653.0376666666666
653.93
657.1243333333333
634.5693333333334
646.9016666666666
637.5490000000001
654.0193333333333
642.4853333333334
655.0260000000001
664.9230000000001
631.3503333333333
657.2776666666667
654.2896666666667
637.729
648.467
645.4293333333334
648.663
646.6476666666667
640.8870000000001
648.9446666666666
628.1263333333333
657.042
643.841
645.4556666666667
654.3196666666666
643.5163333333334
659.2636666666667
634.92
655.5406666666667
660.9806666666667
634.726
665.8629999999999
658.8556666666667
641.7116666666666
651.8106666666666
654.0583333333334
657.526
646.8676666666667
657.5676666666667
620.919
650.4923333333332
637.4336666666667
660.2986666666667
654.807
650.0993333333334
634.9606666666666
642.8686666666666
639.7826666666666
659.5273333333333
665.572
644.4493333333334
636.6756666666666
638.7126666666667
651.8916666666668
656.0086666666667
647.1346666666667
648.959
646.5113333333334
657.1846666666667
644.1643333333334
640.938
618.842
648.661
638.846
650.5703333333333
661.1809999999999
647.3710000000001
639.6053333333333
661.2753333333334
645.082
647.654
649.2176666666668
643.5343333333334
657.9786666666668
659.2246666666666
641.225
648.3153333333333
638.3209999999999
653.4456666666666
642.7033333333334
634.2573333333333
647.5576666666667
639.6003333333333
648.441
641.286
634.8249999999999
648.9136666666667
645.0693333333334
633.1613333333333
641.08
641.7686666666667
646.3976666666666
654.4043333333333
642.1076666666667
640.5773333333333
648.5970000000001
656.8833333333333
656.6976666666668
642.8146666666667
662.8826666666668
653.7479999999999
639.033
647.4839999999999
655.9126666666666
650.5333333333334
661.231
645.6546666666667
658.004
633.7226666666667
650.511
661.4296666666668
647.5703333333335
644.4043333333334
647.6703333333334
645.3860000000001
658.4756666666667
642.071
655.4783333333334
655.7733333333334
654.6283333333333
650.0333333333333
647.7563333333334
643.6733333333333
638.255
663.9183333333334
643.941
641.4383333333334
628.6866666666666
648.958
642.7916666666666
663.8583333333335
646.4193333333333
648.2176666666667
637.013
634.2736666666666
650.5886666666667
636.929
647.8853333333333
647.9223333333333
640.243
646.3373333333334
635.0623333333333
650.4016666666668
661.223
656.4633333333333
644.7423333333334
641.4423333333333
638.495
644.026
649.2753333333334
650.5403333333334
652.8453333333333
639.2543333333333
658.6543333333333
649.9723333333333
648.5236666666666
657.2110000000001
640.4606666666667
648.9833333333332
652.1093333333333
642.305
644.524
638.5876666666667
662.6106666666666
643.5696666666666
639.3053333333334
